102.2499	0
102.2499	3.77349E6
102.2499	3.77349E6
102.2499	3.77349E6
102.2499	3.77349E6
102.2499	3.77349E6
102.2499	3.77349E6
102.2499	3.77349E6
102.2499	3.77349E6
102.2499	3.77349E6
102.2499	3.77349E6
102.298	2.88989E6
102.298	2.88989E6
102.298	2.88989E6
102.298	2.88989E6
102.298	2.88989E6
102.298	2.88989E6
102.298	2.88989E6
102.298	2.88989E6
102.298	2.88989E6
102.298	2.88989E6
102.298	2.88989E6
102.298	2.88989E6
102.298	2.88989E6
102.298	2.88989E6
102.298	2.88989E6
102.298	2.88989E6
102.298	2.88989E6
102.298	2.88989E6
102.298	2.88989E6
102.298	2.88989E6
102.298	2.88989E6
102.298	2.88989E6
102.298	2.88989E6
102.298	2.88989E6
102.298	2.88989E6
102.298	2.88989E6
102.298	2.88989E6
102.298	2.88989E6
102.298	2.88989E6
102.298	2.88989E6
102.298	2.88989E6
102.346	1.52603E6
102.346	1.52603E6
102.346	1.52603E6
102.3941	1.45921E6
102.3941	1.45921E6
102.4421	1.476E6
102.4421	1.476E6
102.49	1.50987E6
103.0161	0
103.0161	0
103.0161	0
103.0638	0
103.1114	0
103.1591	26842.52316
103.7289	67803.35584
103.7289	67803.35584
104.2483	112037.97978
104.2483	112037.97978
104.2954	120605.81177
104.2954	120605.81177
104.9055	66754.62387
104.9055	66754.62387
104.9055	66754.62387
104.9523	63809.32583
105.5118	24963.37664
105.5584	22950.66097
106.0684	12125.219
106.0684	12125.219
106.1147	9968.06994
106.668	47161.92549
106.668	47161.92549
106.714	55418.90016
107.4469	129920.53174
107.4469	129920.53174
107.4925	132118.4414
108.0387	168819.24297
108.0387	168819.24297
108.0387	168819.24297
108.6274	255581.60241
108.6274	255581.60241
109.3476	367030.75584
109.3476	367030.75584
109.3924	371793.55603
109.4373	378934.21481
110.2415	486225.43459
110.2415	486225.43459
110.2415	486225.43459
110.8633	524959.84301
110.9075	528678.59325
111.4377	582527.47252
111.4377	582527.47252
111.4818	586971.41134
111.4818	586971.41134
112.0974	670694.02546
112.7536	817428.91792
112.7536	817428.91792
112.7536	817428.91792
112.7972	829269.85184
113.3197	941700.2679
113.8402	1.08216E6
113.8402	1.08216E6
114.4019	1.20863E6
114.8755	1.3118E6
115.7756	1.45524E6
116.245	1.52649E6
116.245	1.52649E6
116.245	1.52649E6
117.0529	1.61729E6
117.7303	1.71817E6
118.4475	1.82183E6
118.4896	1.82577E6
119.0362	1.87623E6
119.0782	1.88004E6
119.9164	1.98513E6
120.4597	2.02569E6
120.9185	2.05472E6
120.9602	2.0575E6
121.8755	2.10063E6
122.4982	2.12146E6
122.5397	2.12266E6
123.1199	2.14094E6
123.1613	2.14237E6
123.7821	2.16315E6
124.4021	2.18493E6
124.9391	2.19749E6
125.5169	2.22033E6
125.5582	2.22111E6
126.0946	2.24179E6
126.8783	2.26506E6
126.8783	2.26506E6
127.4145	2.2833E6
127.4557	2.28465E6
128.1984	2.33474E6
128.9003	2.35933E6
129.4788	2.4161E6
129.5201	2.41775E6
130.3476	2.52478E6
130.3476	2.52478E6
130.9277	2.57923E6
132.1321	2.72111E6
132.8819	2.8239E6
132.8819	2.8239E6
133.6757	2.93902E6
134.4301	3.05642E6
134.472	3.06524E6
135.3134	3.23572E6
135.9045	3.36107E6
136.9221	3.57173E6
137.3904	3.66645E6
137.3904	3.66645E6
138.2455	3.82387E6
139.4073	4.05237E6
140.187	4.16859E6
140.7094	4.26119E6
140.7094	4.26119E6
141.5844	4.40448E6
142.554	4.56616E6
142.554	4.56616E6
143.3779	4.70946E6
143.9182	4.81676E6
144.6012	4.94512E6
145.4259	5.10894E6
145.8553	5.19138E6
145.891	5.19881E6
146.7122	5.36431E6
146.7479	5.37189E6
148.0286	5.62593E6
148.7378	5.77663E6
149.304	5.89968E6
149.304	5.89968E6
150.1865	6.08534E6
151.2069	6.31852E6
151.6282	6.42203E6
152.0839	6.52838E6
152.5039	6.62919E6
153.0979	6.76433E6
154.2478	7.04453E6
154.9772	7.21571E6
155.4279	7.31948E6
155.9125	7.41984E6
156.2927	7.50538E6
157.4305	7.72642E6
158.2896	7.88683E6
158.7696	7.95036E6
159.2147	8.00864E6
159.6591	8.08817E6
160.6822	8.1922E6
161.1925	8.2191E6
161.7019	8.2138E6
162.2104	8.25704E6
163.225	8.27509E6
164.4043	8.25706E6
164.8412	8.25192E6
165.311	8.24921E6
165.9809	8.2174E6
166.4156	8.21737E6
167.4162	8.17562E6
168.679	8.11042E6
169.2753	8.07463E6
169.7714	8.04559E6
170.2997	8.00733E6
171.3535	7.91636E6
171.879	7.86391E6
172.4036	7.80841E6
172.9274	7.75024E6
174.07	7.61579E6
174.8185	7.52892E6
175.857	7.41236E6
176.3749	7.34976E6
176.9888	7.28725E6
177.5048	7.2242E6
178.7269	7.08577E6
179.8483	6.96281E6
180.2957	6.90595E6
180.9657	6.8298E6
181.5706	6.75928E6
182.5233	6.617E6
183.0935	6.52362E6
183.7575	6.41522E6
184.2625	6.33191E6
185.427	6.13736E6
186.4621	5.96267E6
186.9627	5.87797E6
187.4938	5.79082E6
188.1485	5.68353E6
188.7087	5.59452E6
189.7951	5.42205E6
191.0322	5.23527E6
191.6181	5.15092E6
192.2337	5.06626E6
192.7868	4.98604E6
193.9818	4.83468E6
194.4097	4.79165E6
195.0505	4.71718E6
195.5683	4.65926E6
196.6924	4.54344E6
197.8127	4.43648E6
198.5373	4.36206E6
199.1098	4.32547E6
199.4709	4.28923E6
200.2219	4.24138E6
201.1807	4.17086E6
202.2262	4.09752E6
202.9412	4.04257E6
203.3873	4.01089E6
204.0405	3.96344E6
205.077	3.87916E6
205.6679	3.82729E6
206.1989	3.78073E6
206.7878	3.71921E6
207.9333	3.62533E6
209.075	3.52636E6
209.7173	3.47203E6
210.4167	3.39846E6
210.9112	3.35233E6
211.405	3.29233E6
212.6799	3.14684E6
213.9502	2.989E6
214.4397	2.92666E6
215.0435	2.84971E6
215.5889	2.78081E6
216.7344	2.64425E6
217.3629	2.5731E6
217.9047	2.51997E6
218.4173	2.46377E6
219.4688	2.36699E6
220.8847	2.25762E6
221.3367	2.23739E6
221.8163	2.20051E6
222.3797	2.1767E6
222.9142	2.14823E6
223.9528	2.09445E6
225.1004	2.03638E6
225.6031	2.00645E6
226.0493	1.98011E6
226.6621	1.94793E6
227.6627	1.90054E6
228.2452	1.87781E6
228.7714	1.86147E6
229.297	1.84466E6
230.4837	1.81631E6
231.4471	1.79994E6
232.0514	1.79366E6
232.5725	1.78298E6
233.0656	1.77619E6
233.5582	1.76405E6
234.6505	1.73159E6
235.6038	1.6995E6
236.1748	1.67835E6
236.6907	1.6577E6
237.2601	1.6308E6
238.2886	1.58155E6
238.6938	1.5602E6
239.4763	1.51398E6
239.9881	1.48844E6
240.9294	1.43887E6
242.1901	1.38101E6
242.8325	1.34364E6
243.4472	1.31642E6
243.901	1.29281E6
244.4343	1.26849E6
245.5522	1.21872E6
246.5878	1.17176E6
246.9854	1.15638E6
247.568	1.12462E6
248.0177	1.10098E6
248.9686	1.06825E6
249.496	1.04692E6
249.9175	1.03478E6
250.3123	1.01686E6
251.1535	991610.43081
252.203	964405.11047
252.5697	954480.11971
253.0932	948043.30696
253.5639	941166.25671
253.9296	936398.7096
255.0253	938545.98934
256.1446	945969.66041
256.6124	951054.49315
257.1317	957618.39152
257.6504	963927.01495
258.5829	978492.72725
259.2036	982153.90293
259.7204	981841.73772
260.2108	981533.36942
261.3706	975185.78505
262.4251	965535.91732
262.9388	961622.29982
263.4008	958386.87376
264.1442	955136.15532
264.5795	952686.4657
265.577	947514.73274
266.6494	938450.66176
267.2103	939998.75622
267.7962	935256.21014
268.3051	929284.58648
269.1695	915329.52881
269.7281	903575.38508
270.1848	895387.21238
270.7171	886538.38989
271.7805	871823.82053
272.7412	860209.90301
273.4229	850303.85013
273.9274	842637.41971
274.2804	837044.14108
274.9857	819822.97213
275.9166	789325.09435
276.9719	749279.42916
277.3985	737064.56398
278.0005	716494.18206
278.4767	700761.99528
279.403	670650.66906
279.9784	652700.36514
280.4783	635934.90922
280.9778	619204.40355
282.0509	579901.52007
283.0477	540128.45898
283.5706	519033.99907
284.118	495192.63221
284.6153	474011.10621
285.0874	454515.68539
286.031	418008.78021
286.9983	381049.39554
287.5683	358466.14517
288.0884	338496.20604
288.534	319741.04918
289.4739	294339.07309
289.9682	291453.01524
290.5363	282965.08259
291.0301	276234.51017
291.9922	271857.13077
293.1013	277032.75571
293.4953	277782.04342
294.1353	286719.39764
294.4797	285298.53778
295.0208	296384.58609
295.9792	305122.84723
296.9614	314816.23697
297.6975	321098.88508
298.1144	322305.62224
298.4331	329861.73584
299.4623	333177.63425
299.8786	318411.82989
300.4661	308951.38661
300.931	303500.57369
302.0315	284605.02247
303.0333	266278.92938
303.4974	259500.01013
304.0101	254088.61202
304.4982	248755.5165
304.9861	245616.00804
305.9616	236419.29221
306.9364	222906.96724
307.521	212808.7995
307.9837	202471.42301
308.3976	191067.34844
309.3709	158316.57675
309.8817	148690.14662
