102.0574	0
102.1056	3.19715E6
102.1056	3.19715E6
102.1056	3.19715E6
102.1056	3.19715E6
102.1056	3.19715E6
102.1056	3.19715E6
102.1056	3.19715E6
102.1056	3.19715E6
102.1056	3.19715E6
102.1056	3.19715E6
102.1056	3.19715E6
102.1056	3.19715E6
102.1056	3.19715E6
102.1056	3.19715E6
102.1056	3.19715E6
102.1056	3.19715E6
102.1056	3.19715E6
102.1056	3.19715E6
102.1056	3.19715E6
102.1056	3.19715E6
102.1056	3.19715E6
102.1056	3.19715E6
102.1056	3.19715E6
102.1056	3.19715E6
102.1056	3.19715E6
102.1056	3.19715E6
102.1056	3.19715E6
102.1056	3.19715E6
102.1056	3.19715E6
102.1056	3.19715E6
102.1056	3.19715E6
102.1056	3.19715E6
102.1056	3.19715E6
102.1056	3.19715E6
102.1056	3.19715E6
102.1056	3.19715E6
102.1056	3.19715E6
102.1056	3.19715E6
102.1056	3.19715E6
102.1056	3.19715E6
102.1056	3.19715E6
102.1056	3.19715E6
102.1056	3.19715E6
102.1056	3.19715E6
102.1056	3.19715E6
102.1056	3.19715E6
102.1056	3.19715E6
102.1056	3.19715E6
102.1056	3.19715E6
102.1056	3.19715E6
102.1056	3.19715E6
102.1056	3.19715E6
102.1056	3.19715E6
102.1056	3.19715E6
102.1056	3.19715E6
102.1056	3.19715E6
102.1056	3.19715E6
102.1056	3.19715E6
102.1056	3.19715E6
102.1056	3.19715E6
102.1056	3.19715E6
102.1056	3.19715E6
102.1056	3.19715E6
102.1056	3.19715E6
102.1056	3.19715E6
102.1056	3.19715E6
102.1537	8758.58523
102.1537	8758.58523
102.1537	8758.58523
102.1537	8758.58523
102.1537	8758.58523
102.1537	8758.58523
102.2019	445317.3047
102.2019	445317.3047
102.2019	445317.3047
102.2499	643539.27859
102.7773	580271.51857
102.7773	580271.51857
102.7773	580271.51857
102.7773	580271.51857
102.7773	580271.51857
102.8251	570234.55627
102.8729	568827.76303
103.4444	476210.50596
103.4444	476210.50596
103.4444	476210.50596
103.4919	471739.3701
104.1069	136152.27545
104.1069	136152.27545
104.1541	113478.30641
104.1541	113478.30641
104.765	0
104.765	0
104.8119	0
105.3722	0
105.3722	0
106.0221	0
106.0221	0
106.0684	0
106.0684	0
106.0684	0
106.8059	0
107.3098	0
107.3098	0
107.3555	0
107.3555	0
107.9933	0
108.0387	0
108.6274	0
108.6725	0
108.6725	0
109.4373	0
109.4821	0
109.4821	0
109.9741	0
109.9741	0
110.5528	8333.20594
110.5528	8333.20594
110.5528	8333.20594
111.2171	74178.62658
111.2171	74178.62658
111.9657	162746.22516
111.9657	162746.22516
112.0096	167352.29379
112.4915	234080.43971
112.4915	234080.43971
113.0587	299819.86481
113.0587	299819.86481
113.1022	306113.82002
113.7102	348702.59371
113.7102	348702.59371
114.3156	403919.8154
114.3156	403919.8154
115.0044	434363.29404
115.0044	434363.29404
115.0044	434363.29404
115.7756	447314.41425
115.7756	447314.41425
116.3303	468279.97693
116.3729	468873.44267
116.3729	468873.44267
116.8831	482886.33257
116.9256	485366.67274
117.5612	502412.15625
117.6035	501407.79784
117.6035	501407.79784
118.6579	483939.22455
118.6579	483939.22455
119.1202	461213.13039
119.1202	461213.13039
119.1622	458020.1146
119.749	426446.91029
119.749	426446.91029
120.5014	364497.71591
120.5014	364497.71591
121.0435	311743.9418
121.4598	269082.39816
121.4598	269082.39816
122.0832	218090.81975
122.0832	218090.81975
122.0832	218090.81975
122.8299	232954.98815
122.8299	232954.98815
123.7407	277950.79259
123.7821	283804.69874
123.7821	283804.69874
124.7739	351605.80916
124.7739	351605.80916
125.3106	409636.01398
125.9708	488560.34164
125.9708	488560.34164
126.5895	550784.86725
127.0433	611064.87993
127.0845	616264.56765
127.662	719810.35321
127.662	719810.35321
128.9003	1.01256E6
128.9003	1.01256E6
129.5615	1.19627E6
129.5615	1.19627E6
130.182	1.39892E6
130.8447	1.60638E6
130.8447	1.60638E6
131.4671	1.81302E6
132.1737	2.04432E6
132.6318	2.2104E6
133.1323	2.36894E6
133.6339	2.56223E6
134.0945	2.7218E6
134.1364	2.73605E6
134.8923	3.0205E6
135.7354	3.35785E6
136.4549	3.66349E6
136.4549	3.66349E6
137.22	4.01865E6
137.2626	4.04023E6
138.1169	4.44455E6
138.9759	4.93E6
139.7966	5.39271E6
139.84	5.41433E6
140.7094	5.95794E6
141.2775	6.35383E6
142.1124	6.88991E6
142.7755	7.38778E6
142.8198	7.42551E6
143.486	7.95962E6
144.4934	8.80563E6
144.8883	9.15857E6
145.5691	9.75351E6
145.5691	9.75351E6
146.3911	1.05006E7
147.2822	1.13183E7
147.6734	1.16655E7
148.7378	1.25918E7
148.7732	1.26197E7
149.516	1.32529E7
150.1512	1.37908E7
151.0312	1.44434E7
151.4527	1.47151E7
151.9788	1.50618E7
152.4689	1.52574E7
153.8998	1.60409E7
154.4911	1.63114E7
155.116	1.65861E7
155.5318	1.66782E7
155.9817	1.68457E7
156.4999	1.69951E7
157.4649	1.7187E7
158.5983	1.73562E7
159.0778	1.73486E7
159.6933	1.74042E7
160.6822	1.7363E7
161.2944	1.7279E7
161.6679	1.72054E7
162.4136	1.70508E7
162.7858	1.69357E7
164.5388	1.65208E7
165.0762	1.63723E7
165.5457	1.62405E7
166.1816	1.60217E7
166.7495	1.58845E7
167.9485	1.54661E7
168.6127	1.52379E7
169.7384	1.48208E7
170.2997	1.46118E7
170.9258	1.43782E7
172.0102	1.39422E7
172.6656	1.36673E7
173.0909	1.34883E7
173.9396	1.31353E7
174.3957	1.29371E7
176.0837	1.22275E7
176.795	1.19465E7
177.2791	1.17549E7
178.0843	1.1438E7
178.5021	1.12806E7
179.7204	1.08633E7
180.2638	1.06825E7
181.4433	1.03055E7
182.0155	1.01297E7
182.5867	9.95383E6
183.8207	9.56973E6
184.3255	9.41401E6
184.9554	9.23328E6
185.5527	9.04616E6
185.992	8.91375E6
187.7746	8.37881E6
188.3665	8.20838E6
188.9884	8.02585E6
189.6711	7.83211E6
189.7021	7.82327E6
191.279	7.40472E6
191.9568	7.23551E6
193.2776	6.93052E6
193.8288	6.81209E6
194.3486	6.70118E6
195.3856	6.4976E6
195.9637	6.38784E6
196.48	6.30499E6
196.9956	6.19513E6
197.5103	6.09662E6
199.3205	5.75538E6
199.8616	5.67324E6
200.4319	5.55301E6
200.9412	5.46191E6
201.5694	5.36024E6
202.6732	5.19619E6
203.1792	5.12666E6
204.2777	4.98163E6
204.8108	4.91691E6
205.3726	4.84633E6
206.5818	4.69868E6
207.2582	4.60808E6
207.6693	4.5449E6
208.3143	4.45152E6
208.7826	4.38878E6
210.4167	4.15381E6
210.8821	4.08691E6
211.5211	3.99473E6
212.072	3.9113E6
212.5063	3.84874E6
213.7196	3.67367E6
214.2958	3.59285E6
215.4455	3.44053E6
215.9903	3.36352E6
216.62	3.28655E6
217.8192	3.13806E6
218.1611	3.09904E6
218.9576	3.01174E6
219.4404	2.95628E6
219.9225	2.9032E6
221.8727	2.69495E6
222.3797	2.65187E6
222.9704	2.59104E6
223.5882	2.53878E6
224.121	2.49677E6
225.1004	2.42004E6
225.7705	2.36763E6
226.9403	2.27447E6
227.4128	2.23574E6
228.0234	2.18216E6
229.0481	2.09017E6
229.6009	2.03831E6
230.1529	1.98847E6
230.7317	1.93369E6
231.2546	1.88684E6
232.7918	1.76326E6
233.3941	1.71673E6
234.0228	1.66798E6
234.4049	1.64143E6
234.9503	1.60566E6
235.9302	1.54296E6
236.555	1.50334E6
237.531	1.43863E6
238.0723	1.4023E6
238.6938	1.36001E6
239.6918	1.28898E6
240.2034	1.25976E6
241.2516	1.19934E6
241.7077	1.17312E6
243.2602	1.1138E6
243.8477	1.09994E6
244.1944	1.09086E6
244.754	1.07358E6
245.1799	1.06603E6
246.2428	1.0437E6
246.6673	1.03638E6
247.6739	1.02433E6
248.2556	1.01688E6
248.731	1.01017E6
249.8122	994133.50655
250.2597	994277.12076
250.812	991071.4935
251.4686	986694.38598
251.8884	985332.91393
253.4855	995876.5985
254.0863	1.00283E6
254.556	1.00785E6
255.0513	1.01391E6
255.3639	1.0165E6
256.5085	1.02467E6
256.8461	1.0283E6
257.7023	1.04005E6
258.2722	1.04985E6
258.7382	1.05686E6
259.5912	1.06927E6
260.1076	1.07462E6
260.6234	1.08033E6
261.01	1.08411E6
261.4478	1.08928E6
263.2212	1.11486E6
263.811	1.12339E6
264.5027	1.13286E6
265.2191	1.1374E6
265.7814	1.14009E6
267.0829	1.14825E6
267.6434	1.14695E6
269.144	1.13954E6
269.8296	1.14164E6
270.4383	1.13194E6
271.6794	1.11122E6
272.3116	1.08416E6
272.8675	1.04643E6
273.4734	1.0169E6
273.9526	988801.91996
275.6903	860541.52823
276.3439	823823.3259
276.8965	778996.60282
277.524	726776.80017
278.0757	681500.64862
279.2279	588598.56132
279.7783	549826.14204
281.0528	457490.08013
281.502	428158.18023
282.2005	375625.53257
283.2469	310373.29727
283.8194	306176.61519
284.3418	282705.84268
284.8886	260933.33963
285.3358	245505.02537
286.8744	210762.31957
287.3949	204976.92915
288.0636	185625.69528
288.6082	186301.48796
288.9793	190141.18849
289.9929	196714.77015
290.561	201453.12279
291.7456	210155.77587
292.3621	213636.32121
292.8549	227069.09062
293.9384	238907.85235
294.5535	238837.99185
294.9716	235339.06788
295.6107	245049.76461
295.9301	246254.99932
297.5994	230385.86402
298.0164	221242.61632
298.5312	212940.10197
299.0703	200591.44072
299.5603	186467.73225
300.3927	160733.80477
300.931	142492.17025
301.9092	115232.86476
302.3737	98871.77652
302.9601	85109.18129
303.9124	64226.86055
304.3762	58531.06204
304.9861	55310.98299
305.4983	54896.75876
305.986	54716.20166
307.7402	64756.66204
308.2271	70249.09341
308.9086	74930.65057
309.3709	80292.75082
309.9304	90387.62435
310.9516	104462.7004
311.4863	110155.50341
312.6038	113551.18051
313.0409	112654.18694
313.5993	113117.5699
314.6186	105422.74736
314.934	92455.14245
315.5162	84671.59058
316.0012	71781.16342
316.5347	55491.6429
317.9405	3840.60865
