100.6988	0
100.6988	0
100.7477	124361.94827
100.7477	124361.94827
100.7477	124361.94827
100.7477	124361.94827
100.7477	124361.94827
100.7477	124361.94827
100.7477	124361.94827
100.7477	124361.94827
100.7477	124361.94827
100.7477	124361.94827
100.7477	124361.94827
100.7477	124361.94827
100.7477	124361.94827
100.7477	124361.94827
100.7477	124361.94827
100.7477	124361.94827
100.7477	124361.94827
100.7477	124361.94827
100.7477	124361.94827
100.7477	124361.94827
100.7477	124361.94827
100.7477	124361.94827
100.7477	124361.94827
100.7477	124361.94827
100.7477	124361.94827
100.7477	124361.94827
100.7477	124361.94827
100.7477	124361.94827
100.7477	124361.94827
100.7477	124361.94827
100.7477	124361.94827
100.7477	124361.94827
100.7477	124361.94827
100.7477	124361.94827
100.7477	124361.94827
100.7477	124361.94827
100.7477	124361.94827
100.7477	124361.94827
100.7477	124361.94827
100.7477	124361.94827
100.7477	124361.94827
100.7477	124361.94827
100.7477	124361.94827
100.7477	124361.94827
100.7477	124361.94827
100.7477	124361.94827
100.7477	124361.94827
100.7477	124361.94827
100.7477	124361.94827
100.7477	124361.94827
100.7477	124361.94827
100.7477	124361.94827
100.7477	124361.94827
100.7477	124361.94827
100.7477	124361.94827
100.7477	124361.94827
100.7477	124361.94827
100.7477	124361.94827
100.7477	124361.94827
100.7477	124361.94827
100.7477	124361.94827
100.7965	0
100.7965	0
100.7965	0
100.7965	0
100.7965	0
100.7965	0
100.7965	0
100.8454	118208.29062
100.8454	118208.29062
100.8941	270369.29096
101.4291	104237.78011
101.4291	104237.78011
101.4291	104237.78011
101.4776	92940.8309
102.346	69593.33469
102.346	69593.33469
102.346	69593.33469
102.9684	171850.20238
102.9684	171850.20238
103.0161	176336.40378
103.6341	158514.01528
103.6815	154390.27113
104.2483	148289.66526
104.9055	192523.77938
104.9523	195152.16771
105.5584	210540.72026
105.5584	210540.72026
106.1609	210669.42525
106.2071	209668.4318
106.714	196899.24685
107.3098	184018.08691
107.3098	184018.08691
107.9479	181479.36732
107.9479	181479.36732
108.4466	183213.69677
108.4918	182138.36216
108.943	176294.58329
109.4821	150796.20445
109.5269	147639.17743
110.2415	116607.35142
110.2415	116607.35142
110.2415	116607.35142
111.0845	96703.7895
111.1287	96304.73203
111.658	85423.29323
112.3164	69278.58371
112.3602	68461.51678
112.8844	59668.057
112.928	58921.25383
113.4934	54330.10005
113.5368	55632.62448
114.0132	54433.1479
114.4881	72392.95834
114.4881	72392.95834
115.1332	81975.95748
115.1332	81975.95748
115.8183	102613.03531
115.8183	102613.03531
116.458	128999.40371
117.0104	157195.49962
117.0104	157195.49962
117.0529	159696.69988
117.7726	172052.59122
117.7726	172052.59122
118.4054	187925.30335
118.8682	188271.26945
118.8682	188271.26945
120.1673	197171.66671
120.1673	197171.66671
120.71	214132.66772
120.71	214132.66772
121.2101	229508.4682
121.2517	230920.93708
122.4982	272903.93993
122.4982	272903.93993
122.5397	274027.38439
123.2441	295051.49568
123.7821	317635.79912
123.8234	319521.23247
124.3195	346889.91535
124.8152	372469.73816
125.4344	405684.32402
125.9708	428719.9179
126.012	430085.67839
126.672	452612.19561
127.167	469992.18482
127.9921	502294.06184
127.9921	502294.06184
129.1895	558765.21211
129.1895	558765.21211
129.9337	588686.72339
130.4718	604385.78553
131.052	621778.81413
131.052	621778.81413
131.8825	643770.16465
131.9241	644721.82956
133.8013	683587.19296
133.8431	683815.43873
134.7661	699293.95949
134.7661	699293.95949
135.4399	712337.8991
136.2007	714122.91936
136.8795	718182.86495
137.6465	711933.49122
138.5888	702114.30425
139.1052	700242.95733
139.6235	706072.71139
140.5786	715410.70725
140.6222	716252.89794
141.7602	727608.76781
142.333	743233.22184
143.3779	766141.29633
144.3497	783457.47573
144.9241	789226.57431
144.96	789330.03062
145.9268	794240.25329
146.8905	800357.30791
147.3889	806569.17387
148.4898	811074.72388
148.9148	809871.24219
149.6573	818929.98507
150.5387	834186.73525
151.242	844548.99244
151.6633	851062.00066
152.259	857520.26333
152.9932	861609.75654
154.8731	853288.99305
155.4279	845547.77723
156.0508	839721.00115
156.6725	835377.04885
157.2928	834709.38208
159.1463	848942.48006
160.3075	858712.8105
160.9885	864584.82505
161.5322	866327.80666
163.0899	869071.77914
163.5961	871781.30524
164.1015	872219.99118
164.8412	871165.79053
165.6127	869225.3997
167.5827	885865.64788
168.2808	896325.0598
168.8448	904356.4531
169.2753	911873.14907
170.1677	929006.38495
171.3863	949492.01436
172.0758	959279.28941
173.3849	973929.67623
173.9396	977051.09324
174.721	978694.67998
175.8246	970419.91755
176.6658	957800.52077
177.3114	951205.54488
177.9556	940970.33126
178.6306	919543.55957
180.7425	861953.32884
181.4751	839562.53091
181.9202	824593.68607
182.5867	796205.30008
183.1885	775472.41022
184.5461	722877.87108
185.427	688170.4379
186.6186	648520.13463
187.3689	622702.87008
187.9928	602285.24748
189.423	567504.86472
189.981	558023.76499
190.7542	559933.60108
191.464	549104.30501
192.0491	551093.7096
194.2263	587183.50298
195.5378	617041.3859
196.0245	622999.32379
196.6924	638905.003
198.2658	680201.11649
198.9894	698288.54164
200.2519	716446.56648
200.8814	718997.6194
201.5395	717816.82964
202.9412	711163.58276
203.5655	703419.4161
204.1294	686100.22389
204.87	686586.31156
205.4908	675750.89608
207.5519	613126.44476
208.2557	586161.4941
208.8703	562127.45279
209.5714	543776.18101
210.1837	522724.63705
211.6082	477337.30011
212.4195	456364.56787
213.7484	431371.33423
214.267	429065.47941
214.9861	429777.73644
216.248	444234.88091
217.0773	457214.53656
217.6482	466119.49814
218.275	476784.93488
218.9861	488547.19357
221.0543	519513.50492
221.8163	531940.8931
222.4642	540799.11083
223.1109	548424.83589
223.6443	555560.48038
225.1283	573303.31467
225.7705	575052.04702
227.1071	563418.22424
227.6627	557407.48849
228.356	542265.4174
229.6561	504551.02443
230.3735	487055.83899
231.0345	475879.49035
231.6394	461420.65395
232.2435	448437.69922
234.3231	429981.26806
235.1138	419750.62802
235.7126	430480.31159
236.2834	438664.37908
236.8534	441298.58574
238.1263	437768.47501
238.7748	442459.7838
240.2034	472014.60068
240.8756	493897.03132
241.5468	520071.67131
242.672	558406.23707
243.4205	581623.37792
244.0078	607441.60566
244.5676	619162.33076
245.2597	625308.9823
247.2768	605011.52271
247.9384	591092.38767
248.467	575606.58315
249.0741	553175.0597
249.7068	535339.90786
251.1273	503715.89478
251.8097	485938.12285
253.0147	455984.74002
253.6161	444616.81687
254.2951	427924.54568
255.5202	406714.35697
256.2486	387637.25436
256.9759	364320.98096
257.5208	352339.56356
258.1946	341174.48718
260.2108	316365.69963
260.8812	311106.00271
261.4735	303528.96673
262.0396	296255.95355
262.6307	291200.23977
264.1186	282229.85585
264.6563	278443.67743
266.0113	260740.71678
266.6239	249589.35168
267.3632	236285.92265
268.5595	222872.77473
269.144	217745.45281
269.8296	209346.33319
270.3623	212670.06615
270.9198	217084.8789
272.8927	234218.29207
273.5238	238048.3468
274.1039	241530.93274
274.6331	246611.58945
275.3381	253098.80618
276.6705	268226.80917
277.3484	279912.45634
278.627	304137.91907
279.2779	314593.068
279.8283	322342.23826
281.0028	328561.75921
281.7516	329597.53515
282.2254	334482.47646
282.7737	334860.08314
283.471	324868.2476
285.5842	285811.16274
286.2543	278212.62319
286.676	269345.77835
287.1966	259750.13861
287.8903	250289.5346
289.3503	222642.38467
289.9435	205660.77343
291.0548	165802.91359
291.647	143452.94688
292.3621	120469.6199
293.5445	100756.66439
294.1353	91215.65268
294.8732	89373.49934
295.3403	83889.88143
295.9792	87858.3509
298.0654	119426.3249
298.7028	131423.19605
299.2663	136462.65065
299.7562	139786.18847
300.4661	142332.33503
301.6403	146185.6177
302.3492	149213.97924
304.1565	162360.50041
304.7422	167340.25553
305.8153	185525.19655
306.4978	196992.68972
307.1313	203627.03865
307.8132	211890.33069
308.2758	211976.63254
310.2708	199662.61536
310.9759	191585.99448
311.5835	182096.90752
312.0208	177607.38562
312.6523	168738.93306
313.8906	157984.59471
314.5215	155798.72899
315.7102	150261.22562
316.3407	149242.42071
316.9225	148269.27604
318.1827	145778.33721
318.8126	140526.40732
319.4424	131697.81586
319.9751	124801.81305
320.5562	116978.64256
322.5649	95481.97934
323.3149	93397.54654
323.9438	95027.28515
324.3307	97032.42241
324.887	101396.73311
326.2408	115143.00611
326.7243	118204.35855
328.0535	113683.96586
328.6335	107539.30669
329.165	100204.19067
330.3488	83627.45196
330.9768	77416.84172
331.629	69538.10784
332.1845	67474.52394
332.8124	69768.98147
334.6235	86596.82733
335.3962	88883.44515
336.024	85133.65854
336.4827	77417.63689
336.9414	70991.55836
338.2452	51883.57424
338.873	40718.94904
340.1526	27605.34055
340.6838	26542.48793
341.2874	28438.5012
342.4947	38993.05181
343.0259	42647.75433
343.6538	44431.12219
344.185	43043.45794
344.8129	38893.24263
346.8176	13683.83085
347.3974	5537.80063
347.9771	1885.68194
348.412	0
349.0402	0
350.2968	8780.7224
350.9493	13730.03253
352.1578	20837.96977
352.6655	22945.58507
353.3183	24851.79508
354.5515	30281.53121
355.1078	30716.16409
355.7125	25684.46681
356.2689	28192.57701
356.777	29539.79989
358.6404	26654.30412
359.3182	26996.66738
359.9719	21776.97052
360.2383	18864.69525
360.8921	17652.16731
362.0789	16443.65875
362.7331	14812.60266
363.9932	9938.22936
364.5508	7477.51351
365.1083	5110.23769
366.2238	5636.65314
366.8301	6384.49154
367.4366	0
368.0189	724.40134
368.6741	6668.84219
370.6162	31067.51874
371.1748	43284.30131
371.6849	47286.22872
372.1707	52653.99002
372.7053	62139.56784
373.9691	81059.66829
374.6011	90123.6063
375.6954	104877.20577
376.2062	108570.81298
376.9117	107886.4568
378.0555	97502.25531
378.7371	90304.27001
379.2484	88382.94706
379.6867	84501.47308
380.3199	75983.19888
382.2692	53884.31073
383.0248	48351.19063
383.3906	43223.35307
383.7076	38895.01433
384.3172	32040.90738
385.5125	9306.86228
386.2446	0
387.3674	0
387.8069	0
388.4906	0
389.4677	0
390.1273	0
390.836	0
391.3493	0
391.716	0
393.7457	0
394.4552	0
394.9201	0
395.3607	0
395.9236	0
397.0253	0
397.6865	0
398.8868	0
399.4503	0
399.9649	0