12	0.1858
13	0.44232
14	0.77307
15	0.98224
16	1.07919
17	1.11115
18	1.06908
19	0.981
20	0.91876
21	0.85357
22	0.76866
23	0.6457
24	0.51444
25	0.39005
26	0.27704
27	0.1775
28	0.08709
29	0.01325
30	-0.04053
31	-0.07962
32	-0.11105
33	-0.13611
34	-0.15737
35	-0.17095
36	-0.17532
37	-0.17705
38	-0.17501
39	-0.17096
40	-0.16584
41	-0.15663
42	-0.14625
43	-0.13208
44	-0.11891
45	-0.10929
46	-0.09936
47	-0.09063
48	-0.0796
49	-0.06878
50	-0.05799
51	-0.0472
52	-0.03801
53	-0.02906
54	-0.0213
55	-0.01434
56	-0.00898
57	-0.0051
58	-0.00205
59	8.6792E-4
60	0.00256
61	0.00485
62	0.00685
63	0.00804
64	0.01009
65	0.01126
66	0.01467
67	0.01761
68	0.02156
69	0.02478
70	0.02757
71	0.0322
72	0.03521
73	0.03984
74	0.04357
75	0.04708
76	0.04969
77	0.05028
78	0.05244
79	0.05338
80	0.05489
81	0.05624
82	0.05798
83	0.0607
84	0.0619
85	0.06405
86	0.06543
87	0.06637
88	0.06696
89	0.06873
90	0.07115
91	0.07409
92	0.077
93	0.07985
94	0.08213
95	0.08318
96	0.08582
97	0.08564
98	0.08483
99	0.08446
100	0.08405
101	0.08605
102	0.08735
103	0.08932
104	0.08975
105	0.08943
106	0.08971
107	0.08945
108	0.09174
109	0.09425
110	0.09441
111	0.09509
112	0.09637
113	0.09662
114	0.09724
115	0.09801
116	0.09914
117	0.09999
118	0.09934
119	0.1012
120	0.10202
121	0.10316
122	0.10423
123	0.10323
124	0.1051
125	0.10515
126	0.10739
127	0.10968
128	0.11171
129	0.11434
130	0.11495
131	0.11652
132	0.11634
133	0.11651
134	0.11692
135	0.11706
136	0.11905
137	0.12073
138	0.12146
139	0.121
140	0.12329
141	0.12716
142	0.13203
143	0.13963
144	0.15048
145	0.16011
146	0.1648
147	0.16393
148	0.15407
149	0.13415
150	0.10655
151	0.07849
152	0.05428
153	0.03812
154	0.0339
155	0.03927
156	0.05269
157	0.06812
158	0.08333
159	0.09561
160	0.10556
161	0.11364
162	0.11731
163	0.11906
164	0.12043
165	0.12243
166	0.12388
167	0.12571
168	0.12519
169	0.12458
170	0.12425
171	0.12426
172	0.1246
173	0.12401
174	0.12471
175	0.12452
176	0.12701
177	0.13292
178	0.13552
179	0.13661
180	0.13515
181	0.13256
182	0.1317
183	0.13035
184	0.13031
185	0.13174
186	0.13464
187	0.13788
188	0.13855
189	0.13996
190	0.13934
191	0.13761
192	0.13867
193	0.14012
194	0.14103
195	0.14172
196	0.14386
197	0.14625
198	0.1473
199	0.14773
200	0.14853
201	0.14844
202	0.14778
203	0.14952
204	0.15123
205	0.15072
206	0.1491
207	0.15069
208	0.15348
209	0.15586
210	0.15968
211	0.16351
212	0.16499
213	0.16308
214	0.16054
215	0.15783
216	0.15652
217	0.15862
218	0.16118
219	0.1629
220	0.16462
221	0.16769
222	0.17096
223	0.17472
224	0.1754
225	0.17396
226	0.17308
227	0.17327
228	0.17989
229	0.1867
230	0.19621
231	0.2019
232	0.20808
233	0.21432
234	0.21911
235	0.22546
236	0.2249
237	0.22054
238	0.20776
239	0.1915
240	0.1743
241	0.16084
242	0.15805
243	0.16366
244	0.18142
245	0.21273
246	0.25294
247	0.29861
248	0.3424
249	0.37355
250	0.38525
251	0.37541
252	0.35229
253	0.32324
254	0.29465
255	0.27582
256	0.26066
257	0.2505
258	0.24339
259	0.2297
260	0.20963
261	0.17699
262	0.13066
263	0.06339
264	-0.02999
265	-0.15482
266	-0.30647
267	-0.47088
268	-0.63346
269	-0.775
270	-0.88698
271	-0.96465
272	-1.00657
273	-1.0072
274	-0.96523
275	-0.88865
276	-0.77973
277	-0.65663
278	-0.5319
279	-0.40849
280	-0.29312
281	-0.18613
282	-0.09463
283	-0.01891
284	0.03468
285	0.06803
286	0.08805
287	0.09571
288	0.09696
289	0.09281
290	0.08729
291	0.08236
292	0.07868
293	0.07795
294	0.07867
295	0.08258
296	0.08731
297	0.09205
298	0.09543
299	0.09924
300	0.1022
301	0.10228
302	0.10355
303	0.10382
304	0.10472
305	0.10336
306	0.10418
307	0.10734
308	0.10866
309	0.11025
310	0.11019
311	0.11073
312	0.11007
313	0.1082
314	0.10747
315	0.10615
316	0.10643
317	0.1065
318	0.10807
319	0.10866
320	0.10809
321	0.10716
322	0.1039
323	0.10475
324	0.10578
325	0.10816
326	0.10901
327	0.11124
328	0.11123
329	0.10858
330	0.10888
331	0.10882
332	0.11058
333	0.11137
334	0.11217
335	0.11179
336	0.11245
337	0.1143
338	0.11673
339	0.11937
340	0.11736
341	0.11276
342	0.10913
343	0.10993
344	0.11152
345	0.11405
346	0.11564
347	0.11553
348	0.1184
349	0.11876
350	0.11989
351	0.11985
352	0.11978
353	0.11888
354	0.11874
355	0.12041
356	0.12036
357	0.1211
358	0.12035
359	0.12037
360	0.11886
361	0.11736
362	0.11604
363	0.11538
364	0.11762
365	0.11825
366	0.12073
367	0.12124
368	0.12079
369	0.12273
370	0.12591
371	0.12981
372	0.13049
373	0.13043
374	0.12789
375	0.12403
376	0.12029
377	0.11614
378	0.11328
379	0.11156
380	0.11351
381	0.1127
382	0.11077
383	0.1119
384	0.11185
385	0.11255
386	0.11284
387	0.11766
388	0.1174
389	0.11574
390	0.11752
391	0.11926
392	0.12156
393	0.12459
394	0.1305
395	0.13049
396	0.12871
397	0.12647
398	0.12643
399	0.12653
400	0.1273
401	0.13011
402	0.12912
403	0.12631
404	0.12167
405	0.12307
406	0.12578
407	0.12869
408	0.13209
409	0.13315
410	0.1349
411	0.13196
412	0.13017
413	0.12911
414	0.12983
415	0.13218
416	0.1317
417	0.13409
418	0.13345
419	0.1311
420	0.1282
421	0.12688
422	0.12882
423	0.1301
424	0.13281
425	0.13478
426	0.13692
427	0.13825
428	0.13713
429	0.1356
430	0.13708
431	0.13885
432	0.13618
433	0.13302
434	0.13364
435	0.13269
436	0.13012
437	0.1329
438	0.13789
439	0.13983
440	0.13935
441	0.14069
442	0.13839
443	0.13503
444	0.13567
445	0.13864
446	0.1408
447	0.14207
448	0.1445
449	0.14058
450	0.13712
451	0.13685
452	0.13808
453	0.13827
454	0.13991
455	0.14374
456	0.14379
457	0.14472
458	0.14523
459	0.14641
460	0.14361
461	0.14288
462	0.14476
463	0.1456
464	0.14749
465	0.14437
466	0.14543
467	0.1445
468	0.14191
469	0.14134
470	0.14204
471	0.14431
472	0.14492
473	0.14987
474	0.15469
475	0.15528
476	0.15502
477	0.15368
478	0.15186
479	0.15136
480	0.1516
481	0.1501
482	0.14836
483	0.14638
484	0.1431
485	0.1415
486	0.14141
487	0.1417
488	0.1401
489	0.14284
490	0.14505
491	0.14305
492	0.14373
493	0.14692
494	0.15317
495	0.15657
496	0.16519
497	0.17268
498	0.17363
499	0.1756
500	0.177
501	0.17943
502	0.17397
503	0.16611
504	0.15163
505	0.14012
506	0.13314
507	0.12749
508	0.12807
509	0.12856
510	0.12967
511	0.1245
512	0.12544
513	0.12866
514	0.13366
515	0.1416
516	0.14653
517	0.14965
518	0.14488
519	0.1429
520	0.14384
521	0.1477
522	0.15522
523	0.15999
524	0.16521
525	0.16344
526	0.1625
527	0.16004
528	0.15842
529	0.1604
530	0.15997
531	0.15945
532	0.15884
533	0.16031
534	0.15827
535	0.15964
536	0.16106
537	0.1616
538	0.15885
539	0.15733
540	0.15775
541	0.15616
542	0.15698
543	0.15799
544	0.15962
545	0.16017
546	0.16192
547	0.1649
548	0.16261
549	0.15934
550	0.15787
551	0.15922
552	0.16141
553	0.16293
554	0.16474
555	0.16486
556	0.16627
557	0.16682
558	0.1666
559	0.16652
560	0.16523
561	0.16426
562	0.16625
563	0.17231
564	0.17778
565	0.17968
566	0.17463
567	0.17085
568	0.16639
569	0.162
570	0.16265
571	0.16429
572	0.16888
573	0.16696
574	0.16724
575	0.16702
576	0.16543
577	0.16946
578	0.16945
579	0.17049
580	0.16947
581	0.17071
582	0.17332
583	0.17321
584	0.1752
585	0.17432
586	0.17387
587	0.16986
588	0.16974
589	0.16959
590	0.17074
591	0.17149
592	0.17294
593	0.17562
594	0.17288
595	0.17349
596	0.17263
597	0.17599
598	0.1777
599	0.17878
600	0.18013
601	0.17863
602	0.17957
603	0.17615
604	0.17517
605	0.17116
606	0.16819
607	0.16941
608	0.17168
609	0.16077
610	0.15815
611	0.14065
612	0.0796